0
0
0
0
0
0
0
0
0
0
0
0
0
0
0
0
0
0
0
1
2
2
0
0
2
6
9
13
20
29
35
46
64
96
111
149
197
262
362
467
588
717
856
1046
1244
1499
1749
2045
2363
2691
3048
3459
3898
4377
4865
5416
5940
6494
7069
7651
8304
8987
9633
10310
11023
11747
12495
13257
14032
14756
15523
16323
17151
17980
18803
19737
20597
21451
22258
23115
23959
24749
25624
26472
27391
28214
29054
29817
30655
31458
32299
33135
33972
34826
35627
36471
37245
38093
38941
39705
40534
41340
42196
43006
43787
44521
45310
46090
46893
47580
48329
49099
49851
50683
51425
52210
52951
53700
54405
55151
55822
56512
57235
57927
58512
59259
59958
60608
61227
61831
62413
63041
63664
64334
64929
65499
66069
66643
67180
67737
68284
68811
69332
69815
70338
70885
71415
71958
72470
72945
73361
73853
74301
74766
75202
75590
76011
76425
76844
77222
77673
78045
78476
78817
79155
79519
79887
80214
80586
80902
81221
81553
81912
82241
82622
82920
83233
83527
83824
84127
84430
84729
85027
85278
85564
85853
86102
86365
86635
86905
87150
87360
87596
87830
88088
88292
88524
88732
88947
89150
89327
89542
89710
89892
90113
90322
90496
90642
90834
91023
91206
91375
91577
91729
91903
92068
92237
92409
92566
92700
92877
93034
93184
93338
93480
93604
93725
93884
94014
94150
94262
94399
94496
94603
94690
94793
94890
94973
95088
95183
95270
95369
95448
95533
95620
95700
95782
95889
95957
96043
96117
96193
96283
96377
96466
96525
96599
96660
96721
96804
96869
96927
96983
97071
97139
97191
97249
97313
97379
97425
97476
97524
97588
97636
97682
97721
97780
97824
97865
97908
97945
97989
